[gd_scene load_steps=15 format=2]

[ext_resource path="res://Scenes/Mountain/Dice/Die.tscn" type="PackedScene" id=1]
[ext_resource path="res://Scenes/Mountain/Monsters/Centaurtaur.tscn" type="PackedScene" id=2]
[ext_resource path="res://Scenes/Mountain/vhsjwh633jt81.webp" type="Texture" id=3]
[ext_resource path="res://Scenes/Mountain/Mountain.gd" type="Script" id=4]
[ext_resource path="res://Scenes/Mountain/Dice/Die.gd" type="Script" id=5]
[ext_resource path="res://Scenes/Mountain/Monsters/Bugbear.tscn" type="PackedScene" id=6]
[ext_resource path="res://Scenes/Mountain/Monsters/Ettin.tscn" type="PackedScene" id=7]
[ext_resource path="res://Scenes/Mountain/Monsters/Manticor.tscn" type="PackedScene" id=8]
[ext_resource path="res://Scenes/Mountain/Obsticles/Soda.tscn" type="PackedScene" id=9]
[ext_resource path="res://Scenes/Mountain/Obsticles/Pencil.tscn" type="PackedScene" id=10]

[sub_resource type="PlaneMesh" id=1]

[sub_resource type="SpatialMaterial" id=4]
albedo_texture = ExtResource( 3 )

[sub_resource type="ConcavePolygonShape" id=2]
data = PoolVector3Array( 1, 0, 1, -1, 0, 1, 1, 0, -1, -1, 0, 1, -1, 0, -1, 1, 0, -1 )

[sub_resource type="PhysicsMaterial" id=3]
friction = 2.22
rough = true

[node name="Mountain" type="Spatial"]
script = ExtResource( 4 )

[node name="Hill" type="MeshInstance" parent="."]
transform = Transform( 50, 0, 0, 0, 1, 0, 0, 0, 50, 0, 0, 0 )
mesh = SubResource( 1 )
material/0 = SubResource( 4 )

[node name="Ground" type="StaticBody" parent="Hill"]

[node name="CollisionShape" type="CollisionShape" parent="Hill/Ground"]
shape = SubResource( 2 )

[node name="Camera" type="Camera" parent="."]
transform = Transform( 1, 0, 0, 0, 1, 0, 0, 0, 1, 0, 3.51589, 6.47258 )

[node name="Die" parent="." instance=ExtResource( 1 )]
transform = Transform( 1, 0, 0, 0, 1, 0, 0, 0, 1, 0, 2.23813, 0 )
input_ray_pickable = false
mass = 25.19
physics_material_override = SubResource( 3 )
gravity_scale = 4.67
contacts_reported = 100
contact_monitor = true
can_sleep = false
linear_damp = 1.361
angular_damp = 3.27
script = ExtResource( 5 )
rolling_force = 5
flash_amount = 1

[node name="Spatial2" parent="." instance=ExtResource( 2 )]
transform = Transform( 1, 0, 0, 0, 1, 0, 0, 0, 1, 14.8952, -4.76837e-07, -2.91223 )

[node name="OmniLight" type="OmniLight" parent="."]
transform = Transform( 1, 0, 0, 0, 1, 0, 0, 0, 1, -26.7341, 19.7586, 5.97802 )
visible = false
light_color = Color( 0.945098, 0.921569, 0.67451, 1 )
light_energy = 1.224
light_specular = 16.0
omni_range = 57.313

[node name="DirectionalLight" type="DirectionalLight" parent="."]
transform = Transform( -0.0297809, 0.825419, -0.563734, 0.0435444, 0.56452, 0.82427, 0.998608, 1.86005e-09, -0.0527543, -17.5841, 18.2104, -4.96634 )
light_color = Color( 0.890196, 0.764706, 0.368627, 1 )
light_energy = 1.812
light_indirect_energy = 1.528

[node name="HitTimer" type="Timer" parent="."]
wait_time = 3.0

[node name="Monster" parent="." instance=ExtResource( 6 )]
transform = Transform( -0.821219, 0, -0.570613, 0, 1, 0, 0.570613, 0, -0.821219, 22.9373, -4.76837e-07, 11.7879 )

[node name="Monster2" parent="." instance=ExtResource( 7 )]
transform = Transform( -0.95658, 0, -0.29147, 0, 1, 0, 0.29147, 0, -0.95658, 10.4073, 0.0387707, 10.0105 )

[node name="Monster3" parent="." instance=ExtResource( 8 )]
transform = Transform( 0.299057, 0, -0.954235, 0, 1, 0, 0.954235, 0, 0.299057, 30.4563, 2.38419e-07, 2.01304 )

[node name="SodaCan" parent="." instance=ExtResource( 9 )]
transform = Transform( 0.461625, 0, -0.887075, 0, 1, 0, 0.887075, 0, 0.461625, 10.2716, 4.76837e-07, -8.8527 )

[node name="Pencil" parent="." instance=ExtResource( 10 )]
transform = Transform( 1, 0, 0, 0, 1, 0, 0, 0, 1, 7.90429, -4.76837e-07, 0.95204 )
physics_material_override = null
