[gd_scene load_steps=5 format=2]

[ext_resource path="res://Models/Dice/d12tex.png" type="Texture" id=1]
[ext_resource path="res://Models/Dice/d12.obj" type="ArrayMesh" id=2]

[sub_resource type="ConvexPolygonShape" id=1]
points = PoolVector3Array( -0.293833, -0.133097, -0.905796, -0.245016, -0.210839, -0.905796, -0.332402, -0.211307, -0.877423, -0.732627, 0.198635, -0.5882, -0.465252, 0.740333, -0.392074, 0.24483, 0.20363, -0.905796, -0.139184, -0.750664, -0.5882, 0.293647, 0.125888, -0.905796, 0.465065, -0.747542, -0.392074, -0.226384, -0.751132, -0.559827, -0.599778, -0.753006, -0.0459282, -0.936465, -0.21443, -0.0459282, -0.771196, 0.120424, -0.559827, -0.786661, 0.198479, -0.513899, -0.519099, 0.740177, -0.317773, -0.441216, 0.788883, -0.317773, 0.138998, 0.743455, -0.5882, 0.332216, 0.204098, -0.877423, -0.163034, -0.799058, -0.513899, 0.441029, -0.796092, -0.317773, 0.732441, -0.205844, -0.5882, 0.786475, -0.205688, -0.513899, 0.518913, -0.747386, -0.317773, -0.536427, -0.800931, 0, -0.599778, -0.753006, 0.0457509, -0.951744, -0.136375, 0, -0.936465, -0.21443, 0.0457509, -0.786661, 0.198479, 0.513722, -0.519099, 0.740177, 0.317596, -0.441216, 0.788883, 0.317596, 0.536241, 0.793722, 0, 0.162847, 0.791849, -0.513899, 0.226198, 0.743923, -0.559827, 0.599591, 0.745797, -0.0459282, 0.936279, 0.207221, -0.0459282, 0.77101, -0.127633, -0.559827, 0.441029, -0.796092, 0.317596, 0.786475, -0.205688, 0.513722, 0.951744, 0.129166, 0, 0.518913, -0.747386, 0.317596, -0.163034, -0.799058, 0.513722, -0.226384, -0.751132, 0.55965, -0.332402, -0.211307, 0.877246, -0.771196, 0.120424, 0.55965, -0.732627, 0.198635, 0.588023, -0.465252, 0.740333, 0.391897, 0.138998, 0.743455, 0.588023, 0.162847, 0.791849, 0.513722, 0.599591, 0.745797, 0.0457509, 0.226198, 0.743923, 0.55965, 0.936279, 0.207221, 0.0457509, 0.465065, -0.747542, 0.391897, -0.139184, -0.750664, 0.588023, 0.77101, -0.127633, 0.55965, 0.732441, -0.205844, 0.588023, -0.245016, -0.210839, 0.905796, -0.293833, -0.133097, 0.905796, 0.24483, 0.20363, 0.905796, 0.332216, 0.204098, 0.877246, 0.293647, 0.125888, 0.905796 )

[sub_resource type="SpatialMaterial" id=2]
albedo_texture = ExtResource( 1 )

[node name="d12" type="CollisionShape"]
shape = SubResource( 1 )

[node name="d12" type="MeshInstance" parent="."]
mesh = ExtResource( 2 )
skeleton = NodePath("../..")
material/0 = SubResource( 2 )

[node name="1" type="RayCast" parent="."]
transform = Transform( 1, 0, 0, 0, -1, 8.74228e-08, 0, -8.74228e-08, -1, 0, 0, 0 )
enabled = true
exclude_parent = false

[node name="2" type="RayCast" parent="."]
transform = Transform( 0.96639, 0.257082, -8.06114e-08, 0.137247, -0.515922, 0.845569, 0.217381, -0.81715, -0.533865, 0, 0, 0 )
enabled = true
exclude_parent = false

[node name="3" type="RayCast" parent="."]
transform = Transform( 0.512493, -0.858692, 0, 0.858692, 0.512493, 0, 0, 0, 1, 0, 0, 0 )
enabled = true
exclude_parent = false

[node name="4" type="RayCast" parent="."]
transform = Transform( -0.592266, -0.70649, -0.387417, 0.805742, -0.51931, -0.284774, -2.98023e-08, -0.48082, 0.876819, 0, 0, 0 )
enabled = true
exclude_parent = false

[node name="5" type="RayCast" parent="."]
transform = Transform( 0.956034, 0.293256, -4.17776e-08, 0.140141, -0.456869, -0.878425, -0.257604, 0.839804, -0.47788, 0, 0, 0 )
enabled = true
exclude_parent = false

[node name="6" type="RayCast" parent="."]
transform = Transform( -0.534072, -0.711598, 0.456504, 0.845439, -0.449523, 0.288378, -1.49012e-08, 0.539961, 0.84169, 0, 0, 0 )
enabled = true
exclude_parent = false

[node name="7" type="RayCast" parent="."]
transform = Transform( 0.453104, 0.775141, 0.440288, -0.891458, 0.393983, 0.223786, -1.49012e-08, -0.493896, 0.869521, 0, 0, 0 )
enabled = true
exclude_parent = false

[node name="8" type="RayCast" parent="."]
transform = Transform( 0.960939, -0.276761, -7.15955e-09, 0.129906, 0.451045, 0.882997, -0.244379, -0.848506, 0.469379, 0, 0, 0 )
enabled = true
exclude_parent = false

[node name="9" type="RayCast" parent="."]
transform = Transform( 0.647801, 0.76181, 0, -0.384262, 0.326755, -0.863466, -0.657797, 0.559354, 0.504407, 0, 0, 0 )
enabled = true
exclude_parent = false

[node name="10" type="RayCast" parent="."]
transform = Transform( -0.412659, 0.910885, 0, -0.910885, -0.412659, 0, 0, 0, 1, 0, 0, 0 )
enabled = true
exclude_parent = false

[node name="11" type="RayCast" parent="."]
transform = Transform( 0.973635, -0.228113, 4.55847e-10, 0.0927528, 0.395889, -0.913602, 0.208405, 0.889515, 0.406609, 0, 0, 0 )
enabled = true
exclude_parent = false

[node name="12" type="RayCast" parent="."]
enabled = true
exclude_parent = false
