[gd_scene load_steps=5 format=2]

[ext_resource path="res://Models/Dice/d20tex.png" type="Texture" id=1]
[ext_resource path="res://Models/Dice/d20.obj" type="ArrayMesh" id=2]

[sub_resource type="ConvexPolygonShape" id=1]
points = PoolVector3Array( -3.95621, -1.26594, -7.19602, -3.82957, -1.61144, -7.19602, -4.2752, -1.26194, -7.01288, -2.39168, 6.46978, -4.63205, 3.82797, 1.61011, -7.19602, -4.06842, -1.82221, -7.01288, -4.34574, -1.60611, -6.89877, 3.9546, 1.26461, -7.19602, 2.39007, -6.47112, -4.63205, -8.1192, 1.74084, -0.29866, -2.71067, 6.47245, -4.4475, -2.32115, 6.81395, -4.15025, -2.15123, 6.67922, -4.4475, 4.06681, 1.82088, -7.01288, -2.66739, 6.68589, -4.15025, 4.34413, 1.60477, -6.89877, 4.2736, 1.26061, -7.01288, -5.03663, -6.60318, -0.29866, 2.14962, -6.68055, -4.4475, -5.31235, -6.38707, -0.184549, -8.18813, 1.39667, -0.184549, 2.66579, -6.68722, -4.15025, 2.31954, -6.81395, -4.15025, 2.70907, -6.47378, -4.4475, -8.1192, 1.74084, 0.297252, -8.07592, 1.95294, 4.76837e-07, -2.32115, 6.81395, 4.14884, 4.86351, 6.73524, -0.00140858, 5.03503, 6.60185, -0.29866, -2.66739, 6.68589, 4.14884, 5.31074, 6.38574, -0.184549, 8.18813, -1.39801, -0.184549, 8.1176, -1.74217, -0.29866, -4.86511, -6.73658, -0.00140858, -5.03663, -6.60318, 0.297252, -5.31235, -6.38707, 0.183141, -8.18813, 1.39667, 0.183141, 2.66579, -6.68722, 4.14884, 8.07432, -1.95427, -0.00140858, 2.31954, -6.81395, 4.14884, -4.34574, -1.60611, 6.89736, -4.2752, -1.26194, 7.01147, -2.71067, 6.47245, 4.44609, -2.15123, 6.67922, 4.44609, 5.03503, 6.60185, 0.297252, -2.39168, 6.46978, 4.63064, 5.31074, 6.38574, 0.183141, 8.18813, -1.39801, 0.183141, 2.14962, -6.68055, 4.44609, -4.06842, -1.82221, 7.01147, 8.1176, -1.74217, 0.297252, 2.70907, -6.47378, 4.44609, 2.39007, -6.47112, 4.63064, -3.82957, -1.61144, 7.19461, -3.95621, -1.26594, 7.19461, 4.06681, 1.82088, 7.01147, 4.34413, 1.60477, 6.89736, 3.82797, 1.61011, 7.19461, 4.2736, 1.26061, 7.01147, 3.9546, 1.26461, 7.19461 )

[sub_resource type="SpatialMaterial" id=2]
albedo_texture = ExtResource( 1 )

[node name="d20" type="CollisionShape"]
transform = Transform( 0.166846, 0, 0, 0, 0.166846, 0, 0, 0, 0.166846, 0, 0, 0 )
shape = SubResource( 1 )

[node name="d20" type="MeshInstance" parent="."]
mesh = ExtResource( 2 )
skeleton = NodePath("../..")
material/0 = SubResource( 2 )

[node name="1" type="RayCast" parent="."]
transform = Transform( 1, 0, 0, 0, -1, 8.74228e-08, 0, -8.74228e-08, -1, 0, 0, 0 )
enabled = true
exclude_parent = false
cast_to = Vector3( 0, -8, 0 )
debug_shape_custom_color = Color( 0, 0, 1, 1 )
debug_shape_thickness = 5

[node name="2" type="RayCast" parent="."]
transform = Transform( 0.945581, 0.325387, 0, -0.257915, 0.749506, 0.609689, 0.198385, -0.57651, 0.792641, 0, 0, 0 )
enabled = true
exclude_parent = false
cast_to = Vector3( 0, -8, 0 )
debug_shape_custom_color = Color( 0, 0, 1, 1 )
debug_shape_thickness = 5

[node name="3" type="RayCast" parent="."]
transform = Transform( 0.470611, -0.882341, 6.30539e-08, -0.63639, -0.33943, -0.692672, 0.611173, 0.325979, -0.721253, 0, 0, 0 )
enabled = true
exclude_parent = false
cast_to = Vector3( 0, -8, 0 )
debug_shape_custom_color = Color( 0, 0, 1, 1 )
debug_shape_thickness = 5

[node name="4" type="RayCast" parent="."]
transform = Transform( 0.429266, 0.861362, -0.271636, -0.903178, 0.409392, -0.129104, 7.45058e-09, 0.300756, 0.953701, 0, 0, 0 )
enabled = true
exclude_parent = false
cast_to = Vector3( 0, -8, 0 )
debug_shape_custom_color = Color( 0, 0, 1, 1 )
debug_shape_thickness = 5

[node name="5" type="RayCast" parent="."]
transform = Transform( 0.631285, 0.775551, -4.5526e-08, 0.403873, -0.328746, 0.853705, 0.662092, -0.538932, -0.520756, 0, 0, 0 )
enabled = true
exclude_parent = false
cast_to = Vector3( 0, -8, 0 )
debug_shape_custom_color = Color( 0, 0, 1, 1 )
debug_shape_thickness = 5

[node name="6" type="RayCast" parent="."]
transform = Transform( 0.987378, -0.158377, 0.00121074, 0.0707168, 0.434006, -0.89813, 0.141718, 0.88688, 0.439728, 0, 0, 0 )
enabled = true
exclude_parent = false
cast_to = Vector3( 0, -8, 0 )
debug_shape_custom_color = Color( 0, 0, 1, 1 )
debug_shape_thickness = 5

[node name="7" type="RayCast" parent="."]
transform = Transform( 0.910308, -0.413931, -6.21905e-08, -0.294461, -0.647572, 0.702811, -0.290915, -0.639775, -0.711376, 0, 0, 0 )
enabled = true
exclude_parent = false
cast_to = Vector3( 0, -8, 0 )
debug_shape_custom_color = Color( 0, 0, 1, 1 )
debug_shape_thickness = 5

[node name="8" type="RayCast" parent="."]
transform = Transform( 0.763582, -0.645711, 0, 0.645711, 0.763582, 0, 0, 0, 1, 0, 0, 0 )
enabled = true
exclude_parent = false
cast_to = Vector3( 0, -8, 0 )
debug_shape_custom_color = Color( 0, 0, 1, 1 )
debug_shape_thickness = 5

[node name="9" type="RayCast" parent="."]
transform = Transform( 0.988385, 0.151968, 2.68627e-08, 0.0466958, -0.303705, -0.951621, -0.144616, 0.940569, -0.307274, 0, 0, 0 )
enabled = true
exclude_parent = false
cast_to = Vector3( 0, -8, 0 )
debug_shape_custom_color = Color( 0, 0, 1, 1 )
debug_shape_thickness = 5

[node name="10" type="RayCast" parent="."]
transform = Transform( 0.683745, -0.729721, 0, 0.327684, 0.307038, 0.893505, -0.652009, -0.61093, 0.449054, 0, 0, 0 )
enabled = true
exclude_parent = false
cast_to = Vector3( 0, -8, 0 )
debug_shape_custom_color = Color( 0, 0, 1, 1 )
debug_shape_thickness = 5

[node name="11" type="RayCast" parent="."]
transform = Transform( 0.677544, 0.735483, -4.73448e-08, 0.398309, -0.366932, -0.840661, -0.618292, 0.569585, -0.541561, 0, 0, 0 )
enabled = true
exclude_parent = false
cast_to = Vector3( 0, -8, 0 )
debug_shape_custom_color = Color( 0, 0, 1, 1 )
debug_shape_thickness = 5

[node name="12" type="RayCast" parent="."]
transform = Transform( 0.986185, -0.16565, 7.34765e-09, 0.0723978, 0.431015, 0.899436, -0.148992, -0.88701, 0.437053, 0, 0, 0 )
enabled = true
exclude_parent = false
cast_to = Vector3( 0, -8, 0 )
debug_shape_custom_color = Color( 0, 0, 1, 1 )
debug_shape_thickness = 5

[node name="13" type="RayCast" parent="."]
transform = Transform( -0.70301, 0.71118, 0, -0.71118, -0.70301, 0, 0, 0, 1, 0, 0, 0 )
enabled = true
exclude_parent = false
cast_to = Vector3( 0, -8, 0 )
debug_shape_custom_color = Color( 0, 0, 1, 1 )
debug_shape_thickness = 5

[node name="14" type="RayCast" parent="."]
transform = Transform( 0.942128, 0.335254, 9.99136e-09, -0.261804, 0.735717, -0.624643, -0.209414, 0.588494, 0.78091, 0, 0, 0 )
enabled = true
exclude_parent = false
cast_to = Vector3( 0, -8, 0 )
debug_shape_custom_color = Color( 0, 0, 1, 1 )
debug_shape_thickness = 5

[node name="15" type="RayCast" parent="."]
transform = Transform( 0.991761, 0.128103, -2.70209e-08, 0.0395946, -0.306537, 0.951035, 0.121831, -0.943199, -0.309083, 0, 0, 0 )
enabled = true
exclude_parent = false
cast_to = Vector3( 0, -8, 0 )
debug_shape_custom_color = Color( 0, 0, 1, 1 )
debug_shape_thickness = 5

[node name="16" type="RayCast" parent="."]
transform = Transform( 0.72916, -0.684344, 0, 0.371206, 0.395516, -0.840103, 0.574919, 0.612569, 0.542427, 0, 0, 0 )
enabled = true
exclude_parent = false
cast_to = Vector3( 0, -8, 0 )
debug_shape_custom_color = Color( 0, 0, 1, 1 )
debug_shape_thickness = 5

[node name="17" type="RayCast" parent="."]
transform = Transform( 0.443478, -0.894049, 0.0632706, -0.719245, -0.31287, 0.620321, -0.534802, -0.320606, -0.781792, 0, 0, 0 )
enabled = true
exclude_parent = false
cast_to = Vector3( 0, -8, 0 )
debug_shape_custom_color = Color( 0, 0, 1, 1 )
debug_shape_thickness = 5

[node name="18" type="RayCast" parent="."]
transform = Transform( 0.467853, 0.883807, -8.08963e-09, -0.711224, 0.376494, 0.593644, 0.524666, -0.277738, 0.804728, 0, 0, 0 )
enabled = true
exclude_parent = false
cast_to = Vector3( 0, -8, 0 )
debug_shape_custom_color = Color( 0, 0, 1, 1 )
debug_shape_thickness = 5

[node name="19" type="RayCast" parent="."]
transform = Transform( 0.935395, -0.353605, 6.62404e-08, -0.267927, -0.70875, -0.652601, 0.230763, 0.61044, -0.757702, 0, 0, 0 )
enabled = true
exclude_parent = false
cast_to = Vector3( 0, -8, 0 )
debug_shape_custom_color = Color( 0, 0, 1, 1 )
debug_shape_thickness = 5

[node name="20" type="RayCast" parent="."]
enabled = true
exclude_parent = false
cast_to = Vector3( 0, -8, 0 )
debug_shape_custom_color = Color( 0, 0, 1, 1 )
debug_shape_thickness = 5
