[gd_scene load_steps=5 format=2]

[ext_resource path="res://Models/Dice/d4tex.png" type="Texture" id=1]
[ext_resource path="res://Models/Dice/d4.obj" type="ArrayMesh" id=2]

[sub_resource type="ConvexPolygonShape" id=1]
points = PoolVector3Array( 1.04126, -0.329848, 0.0398815, 0.0230848, 1.11015, 0.0398815, -0.486083, -0.329848, 0.921786, 1.01813, -0.395122, -5.96046e-08, 1.04126, -0.329848, -0.040062, 0.0230848, 1.11015, -0.040062, -0.0463045, 1.11015, -5.96046e-08, -0.509213, -0.395122, 0.881724, -0.555316, -0.329848, 0.881724, -0.509213, -0.395122, -0.881904, -0.486083, -0.329848, -0.921786, -0.555316, -0.329848, -0.881904 )

[sub_resource type="SpatialMaterial" id=2]
albedo_texture = ExtResource( 1 )

[node name="d4" type="CollisionShape"]
shape = SubResource( 1 )

[node name="d4" type="MeshInstance" parent="."]
mesh = ExtResource( 2 )
skeleton = NodePath("../..")
material/0 = SubResource( 2 )

[node name="1" type="RayCast" parent="."]
transform = Transform( -0.258819, 0.965926, 0, -0.965926, -0.258819, 0, 0, 0, 1, 0, 0, 0 )
enabled = true
exclude_parent = false

[node name="2" type="RayCast" parent="."]
transform = Transform( 0.882546, -0.470226, -3.16882e-08, -0.170443, -0.319897, 0.931995, -0.438249, -0.822528, -0.362471, 0, 0, 0 )
enabled = true
exclude_parent = false

[node name="3" type="RayCast" parent="."]
transform = Transform( 0.888913, -0.458076, 5.49304e-08, -0.166642, -0.323376, -0.931482, 0.426689, 0.828007, -0.363788, 0, 0, 0 )
enabled = true
exclude_parent = false

[node name="4" type="RayCast" parent="."]
enabled = true
exclude_parent = false
