[gd_scene load_steps=5 format=2]

[ext_resource path="res://Models/Dice/d8tex.png" type="Texture" id=1]
[ext_resource path="res://Models/Dice/d8.obj" type="ArrayMesh" id=2]

[sub_resource type="ConvexPolygonShape" id=1]
points = PoolVector3Array( 0.683103, 0.505907, 0.391975, 0.683103, 0.544902, 0.336376, 0.635093, 0.545243, 0.419541, 0, -0.490176, 0.791073, 0.0478761, -0.529512, 0.763506, 0.683103, -0.534613, -0.336531, 0.635093, 0.584238, 0.363943, 0.683103, -0.495617, -0.392129, 0.0478761, 0.539801, -0.763661, 0, 0.579137, -0.736094, -0.635227, 0.545243, 0.419541, -0.0480098, -0.529512, 0.763506, 0, -0.568847, 0.73594, 0.635093, -0.573835, -0.364098, 0.635093, -0.534953, -0.419696, -0.635227, 0.584238, 0.363943, -0.0480098, 0.539801, -0.763661, 0, 0.500466, -0.791073, -0.683103, 0.505907, 0.391975, -0.683103, -0.534613, -0.336531, -0.635227, -0.573835, -0.364098, -0.635227, -0.534953, -0.419696, -0.683103, 0.544902, 0.336376, -0.683103, -0.495617, -0.392129 )

[sub_resource type="SpatialMaterial" id=2]
albedo_texture = ExtResource( 1 )

[node name="d8" type="CollisionShape"]
shape = SubResource( 1 )

[node name="d8" type="MeshInstance" parent="."]
mesh = ExtResource( 2 )
skeleton = NodePath("../..")
material/0 = SubResource( 2 )

[node name="1" type="RayCast" parent="."]
transform = Transform( 1, 0, 0, 0, 0.357749, -0.933818, 0, 0.933818, 0.357749, 0, 0, 0 )
enabled = true
exclude_parent = false

[node name="2" type="RayCast" parent="."]
enabled = true
exclude_parent = false

[node name="3" type="RayCast" parent="."]
transform = Transform( 0.564045, 0.825744, -1.68099e-08, -0.454303, 0.310323, 0.83505, 0.689537, -0.471006, 0.550175, 0, 0, 0 )
enabled = true
exclude_parent = false

[node name="4" type="RayCast" parent="."]
transform = Transform( -0.315628, 0.821172, -0.475453, -0.937865, -0.346111, 0.0248176, -0.14418, 0.453744, 0.879391, 0, 0, 0 )
enabled = true
exclude_parent = false

[node name="5" type="RayCast" parent="."]
transform = Transform( 0.442633, -0.766529, -0.465306, 0.896703, 0.378376, 0.229686, -2.98023e-08, -0.518907, 0.85483, 0, 0, 0 )
enabled = true
exclude_parent = false

[node name="6" type="RayCast" parent="."]
transform = Transform( -0.227102, -0.783315, 0.578656, 0.963548, -0.267013, 0.0167092, 0.14142, 0.561357, 0.815401, 0, 0, 0 )
enabled = true
exclude_parent = false

[node name="7" type="RayCast" parent="."]
transform = Transform( 1, 0, 0, 0, -1, 8.74228e-08, 0, -8.74228e-08, -1, 0, 0, 0 )
enabled = true
exclude_parent = false

[node name="8" type="RayCast" parent="."]
transform = Transform( 1, 0, 0, 0, -0.312169, 0.950027, 0, -0.950027, -0.312169, 0, 0, 0 )
enabled = true
exclude_parent = false
